nextflow_stub5 : (8.49474835395813,134.171875)
snakemake_dry5 : (18.066269636154175,134.33203125)
nextflow5 : (330.6828136444092,136.23046875)
snakemake5 : (275.66731309890747,137.37890625)

nextflow_stub6 : (11.216078042984009,561.89453125)
snakemake_dry6 : (25.053202390670776,138.26171875)
nextflow6 : (396.70828652381897,137.6875)
snakemake6 : (370.13227581977844,3823.046875)

nextflow_stub7 : (52.409435749053955,473.44921875)
snakemake_dry7 : (204.72876477241516,303.51171875)
nextflow7 : (86.3197648525238,7942.1796875)
snakemake7 : (241.51867413520813,4957.1328125)

nextflow_stub8 : (93.21089243888855,137.50390625)
snakemake_dry8 : (465.4993681907654,544.42578125)
nextflow8 : (115.06066966056824,7637.38671875)
snakemake8 : (467.0616726875305,135.1953125)

nextflow_stub9 : (247.3695216178894,139.76953125)
snakemake_dry9 : (1371.7767312526703,1389.79296875)
nextflow9 : (99.98710584640503,1325.33203125)
