snakemake_dry1 : (2.3701083660125732,134.80078125)
snakemake1 : (48.40191078186035,3804.39453125)

snakemake_dry2 : (2.790444850921631,137.44140625)
snakemake2 : (54.33106327056885,3803.8359375)

snakemake_dry3 : (3.1648364067077637,137.26953125)
snakemake3 : (68.7940936088562,3805.15625)

snakemake_dry4 : (8.460651397705078,137.8828125)
snakemake4 : (178.14662551879883,3810.12109375)

snakemake_dry5 : (21.00001811981201,135.65234375)
snakemake5 : (376.919570684433,3818.5703125)

snakemake_dry6 : (26.754076957702637,137.5234375)
snakemake6 : (470.3385925292969,3823.05859375)

