nextflow_stub1 : (6.97280216217041,377.76171875)
nextflow_stub1 : (7.40090012550354,424.3984375)
nextflow_stub1 : (7.438057899475098,135.078125)

