nextflow_stub1 : (12.641246795654297,426.47265625)
snakemake_dry1 : (3.8540098667144775,137.59765625)
nextflow1 : (84.10052871704102,4072.96484375)
snakemake1 : (94.07344794273376,136.94140625)

nextflow_stub2 : (11.476431846618652,414.68359375)
snakemake_dry2 : (4.194658041000366,137.27734375)
nextflow2 : (98.50528812408447,4098.390625)
snakemake2 : (109.2712049484253,3804.54296875)

nextflow_stub3 : (11.549901962280273,449.7421875)
snakemake_dry3 : (4.680155515670776,137.0625)
nextflow3 : (127.94055581092834,4153.10546875)
snakemake3 : (119.54260969161987,135.3828125)

nextflow_stub4 : (14.737949848175049,476.29296875)
snakemake_dry4 : (14.670042276382446,136.953125)
nextflow4 : (2060.9634160995483,4094.3359375)
snakemake4 : (300.1081280708313,3809.7890625)

nextflow_stub5 : (8.49474835395813,134.171875)
snakemake_dry5 : (18.066269636154175,134.33203125)
nextflow5 : (330.6828136444092,136.23046875)
snakemake5 : (275.66731309890747,137.37890625)

nextflow_stub6 : (11.216078042984009,561.89453125)
snakemake_dry6 : (25.053202390670776,138.26171875)
nextflow6 : (396.70828652381897,137.6875)
snakemake6 : (370.13227581977844,3823.046875)

nextflow_stub5 : (29.608393907546997,447.171875)
snakemake_dry5 : (42.26281809806824,134.99609375)
nextflow5 : (636.2868547439575,4132.578125)
snakemake5 : (695.3834707736969,3818.59375)

nextflow_stub6 : (31.54486083984375,480.328125)
snakemake_dry6 : (52.7995183467865,137.5)
nextflow6 : (768.8617608547211,4093.4765625)
snakemake6 : (860.0119426250458,3822.98828125)

nextflow_stub7 : (122.13749670982361,486.51171875)
snakemake_dry7 : (462.1376612186432,297.74609375)
nextflow7 : (5266.5567278862,7076.0546875)
snakemake7 : (7291.438100576401,5081.03125)

nextflow_stub8 : (234.65318036079407,135.81640625)
snakemake_dry8 : (1048.7416775226593,539.24609375)
nextflow8 : (11633.40208697319,8281.97265625)
snakemake8 : (17527.409183740616,5477.37890625)

nextflow_stub9 : (646.2655355930328,474.25390625)
snakemake_dry9 : (3107.9798798561096,1392.34765625)
nextflow9 : (34048.468707323074,7745.1640625)
snakemake9 : (59264.96977853775,7029.1953125)

nextflow_stub10 : (1314.592921257019,417.2734375)
snakemake_dry10 : (6178.127557992935,2673.93359375)
nextflow10 : (70328.97746181488,4145.17578125)
