nextflow_stub1 : (12.641246795654297,426.47265625)
snakemake_dry1 : (3.8540098667144775,137.59765625)
nextflow1 : (84.10052871704102,4072.96484375)
snakemake1 : (94.07344794273376,136.94140625)

nextflow_stub2 : (11.476431846618652,414.68359375)
snakemake_dry2 : (4.194658041000366,137.27734375)
nextflow2 : (98.50528812408447,4098.390625)
snakemake2 : (109.2712049484253,3804.54296875)

nextflow_stub3 : (11.549901962280273,449.7421875)
snakemake_dry3 : (4.680155515670776,137.0625)
nextflow3 : (127.94055581092834,4153.10546875)
snakemake3 : (119.54260969161987,135.3828125)

nextflow_stub4 : (14.737949848175049,476.29296875)
snakemake_dry4 : (14.670042276382446,136.953125)
nextflow4 : (2060.9634160995483,4094.3359375)
snakemake4 : (300.1081280708313,3809.7890625)

nextflow_stub5 : (20.08407950401306,556.26953125)
