nextflow_stub1 : (16.7593891620636,402.328125)
snakemake_dry1 : (5.163028717041016,135.96875)
nextflow1 : (112.374990940094,4101.71875)
snakemake1 : (3132.003553390503,3807.69921875)
snakemake_dep_dry1 : (6.330819129943848,136.18359375)

nextflow_stub2 : (14.192147731781006,135.0390625)
snakemake_dry2 : (5.144519805908203,137.55859375)
nextflow2 : (129.92321825027466,4077.46484375)
snakemake2 : (2812.9219839572906,3806.1953125)
snakemake_dep_dry2 : (6.778891563415527,133.64453125)

nextflow_stub3 : (17.60475254058838,454.0703125)
snakemake_dry3 : (5.789032459259033,137.60546875)
nextflow3 : (176.4826683998108,4120.171875)
snakemake3 : (3118.617002248764,3807.0390625)
snakemake_dep_dry3 : (8.24232292175293,133.4609375)

nextflow_stub4 : (24.49082326889038,456.52734375)
snakemake_dry4 : (18.322331190109253,107.83203125)
nextflow4 : (410.5149166584015,4111.640625)
snakemake4 : (3020.169741630554,3812.89453125)
snakemake_dep_dry4 : (20.547388315200806,133.3984375)

nextflow_stub5 : (30.498359441757202,497.8515625)
snakemake_dry5 : (45.61169791221619,133.7890625)
nextflow5 : (732.6895263195038,4065.3203125)
snakemake5 : (3429.002016544342,3809.296875)
snakemake_dep_dry5 : (47.069514989852905,135.58984375)

