nextflow_stub1 : (6.028167486190796,138.171875)
nextflow1 : (48.591248750686646,4101.80859375)

nextflow_stub2 : (7.158634424209595,461.71875)
nextflow2 : (58.46163034439087,4119.8515625)

nextflow_stub3 : (6.839306116104126,437.6484375)
nextflow3 : (81.59886360168457,108.31640625)

nextflow_stub4 : (8.696197509765625,136.39453125)
nextflow4 : (226.62721610069275,4109.8359375)

nextflow_stub5 : (10.994820833206177,108.5078125)
nextflow5 : (355.43718004226685,4107.828125)

nextflow_stub6 : (12.519384145736694,394.79296875)
nextflow6 : (414.8776776790619,4078.87109375)

